15
15
0 1 0 0 
0 0 1 1 
0 1 1 0 
0 1 0 1 
0 1 0 1 
0 1 1 1 
0 0 1 1 
0 0 1 0 
0 1 1 0 
0 1 1 1 
0 1 0 1 
0 0 0 1 
0 1 1 0 
0 1 0 1 
0 0 1 1 
0 1 1 0 
1 0 0 1 
1 1 0 0 
0 0 0 1 
0 1 1 0 
1 0 0 1 
1 0 1 0 
1 1 0 0 
1 0 0 1 
1 1 0 0 
0 1 0 1 
0 1 0 1 
1 0 0 1 
0 1 1 0 
1 0 0 1 
1 0 1 0 
0 1 1 0 
0 1 0 1 
0 1 0 1 
1 0 0 1 
0 1 1 0 
1 0 0 1 
0 1 1 0 
0 1 0 1 
0 1 0 1 
0 1 0 1 
0 -1 0 1 
0 0 1 -1 
1 1 0 0 
0 0 1 1 
1 1 0 0 
1 0 0 1 
0 1 1 0 
0 1 0 1 
0 0 1 1 
1 0 1 0 
0 1 0 0 
1 1 0 1 
0 0 1 1 
0 0 1 0 
0 1 1 0 
0 0 1 1 
1 1 0 0 
0 0 1 1 
1 0 1 0 
0 1 1 0 
0 0 0 1 
1 1 0 0 
0 0 1 1 
1 0 1 0 
1 1 0 0 
0 1 0 1 
0 1 0 1 
1 0 0 1 
1 1 1 0 
1 0 0 1 
1 1 1 0 
0 0 1 1 
1 1 0 0 
1 0 1 1 
1 1 1 0 
0 1 0 1 
0 1 0 1 
1 0 0 1 
1 0 1 0 
0 1 1 0 
0 1 0 1 
0 1 0 1 
0 1 0 1 
1 1 0 1 
0 0 0 1 
1 0 1 0 
1 0 1 0 
0 0 1 0 
1 0 1 0 
1 0 1 0 
0 1 1 0 
0 1 1 1 
0 1 0 1 
1 0 0 1 
1 1 0 0 
0 1 0 1 
0 1 0 1 
0 1 0 1 
0 0 1 1 
0 1 1 0 
1 0 0 1 
1 1 0 0 
1 0 1 1 
1 0 1 0 
1 0 1 0 
1 0 1 0 
1 0 0 0 
0 1 1 0 
0 1 1 1 
0 0 0 1 
0 1 1 0 
0 1 0 1 
0 1 0 1 
1 0 0 1 
1 0 1 0 
0 0 1 0 
0 1 1 0 
1 0 0 1 
1 0 1 0 
1 0 1 0 
1 1 0 0 
0 1 0 1 
1 0 0 1 
1 1 0 0 
0 1 0 1 
1 1 0 1 
0 1 0 1 
0 0 0 1 
0 1 1 0 
1 0 0 1 
1 0 1 0 
1 1 1 0 
0 0 0 1 
1 0 1 0 
1 1 0 0 
0 0 1 1 
0 1 1 0 
0 1 0 1 
0 1 0 1 
0 1 0 1 
0 1 0 1 
0 1 0 1 
0 0 1 1 
1 0 1 0 
0 0 1 0 
1 1 1 0 
1 0 0 1 
0 1 1 0 
1 0 0 1 
0 1 1 0 
1 0 0 1 
1 0 1 0 
0 1 1 0 
0 1 0 1 
0 1 0 1 
0 1 0 1 
0 0 0 1 
1 0 1 0 
1 0 1 0 
1 1 0 0 
1 0 0 1 
0 1 1 0 
1 0 0 1 
0 0 1 0 
1 1 1 0 
0 0 0 1 
1 0 1 0 
1 1 1 0 
0 1 0 1 
0 1 0 1 
0 1 0 1 
0 1 0 1 
1 1 0 1 
1 0 1 1 
0 1 1 0 
0 0 1 1 
1 1 0 0 
0 1 0 1 
1 0 1 1 
1 0 1 0 
0 1 1 0 
1 0 0 1 
1 1 0 0 
0 0 0 1 
0 1 1 0 
0 1 0 1 
0 0 1 1 
0 1 0 0 
1 0 0 1 
1 0 1 0 
1 1 1 0 
0 1 0 1 
0 0 1 1 
1 0 1 0 
1 0 1 0 
1 1 0 0 
0 0 1 1 
0 1 1 0 
0 0 1 1 
1 1 0 0 
0 0 1 1 
1 0 1 0 
0 1 1 0 
0 0 1 1 
1 0 1 0 
1 0 1 0 
0 1 0 0 
1 0 0 1 
1 0 1 0 
1 1 0 0 
0 0 0 1 
1 1 0 0 
1 0 0 1 
1 1 0 0 
0 1 0 1 
1 0 0 1 
1 1 0 0 
1 0 0 1 
1 1 0 0 
1 0 0 1 
1 1 0 0 
0 1 0 1 
0 1 0 1 
1 0 0 1 
0 1 1
13 0 11
7 14 11
12 0 12
0 11 12
2 2 12
7 0 12
8 5 12
5 5 12
11 0 12
11 8 12
14 0 12
12 2 12
10 13 21
0 11 21
12 0 21
8 14 21
8 10 21
6 4 21
10 7 33 3 13
9 8 33 4 6
13 4 33 2 10
14 0 33 1 10