12
12
0 1 0 0 
0 0 1 1 
0 1 1 0 
0 1 0 1 
0 1 0 1 
0 1 1 1 
0 0 1 1 
0 0 1 0 
0 1 1 0 
0 1 1 1 
0 1 0 1 
0 0 0 1 
0 1 1 0 
1 0 0 1 
1 1 0 0 
0 0 0 1 
0 1 1 0 
1 0 0 1 
1 0 1 0 
1 1 0 0 
1 0 0 1 
1 1 0 0 
0 1 0 1 
0 0 1 1 
1 0 1 0 
0 1 1 0 
0 1 0 1 
0 1 0 1 
1 0 0 1 
0 1 1 0 
1 0 0 1 
0 1 1 0 
0 1 0 1 
0 1 0 1 
0 1 0 1 
1 0 1 1 
1 1 0 0 
1 0 0 1 
0 1 1 0 
0 1 1 1 
0 0 0 1 
1 0 1 0 
0 1 0 0 
1 1 0 1 
0 0 1 1 
0 0 1 0 
0 1 1 0 
1 0 0 1 
0 0 1 0 
0 1 1 0 
1 0 0 1 
1 1 0 0 
0 0 1 1 
1 1 0 0 
0 -1 0 1 
0 1 0 -1 
1 0 0 1 
1 0 1 0 
1 0 1 0 
0 0 1 0 
1 0 1 0 
1 1 0 0 
0 0 1 1 
0 0 1 0 
1 1 0 0 
0 1 0 1 
0 1 1 1 
0 1 0 1 
0 1 0 1 
1 0 1 1 
1 0 1 0 
1 0 1 0 
1 1 1 0 
0 0 1 1 
1 1 0 0 
1 1 0 1 
0 1 0 1 
0 0 1 1 
1 1 0 0 
0 0 1 1 
0 1 1 0 
1 0 0 1 
1 0 1 0 
1 0 1 0 
1 0 1 0 
1 0 1 0 
0 1 1 0 
0 0 1 1 
0 1 1 0 
1 0 0 1 
0 1 1 0 
1 0 0 1 
1 1 0 0 
0 0 0 1 
1 1 0 0 
1 0 1 1 
1 0 1 0 
1 1 0 0 
1 0 0 1 
1 1 0 0 
1 0 0 1 
0 1 1 0 
1 0 1 1 
0 1 1 0 
0 0 1 1 
0 1 1 0 
0 1 0 1 
1 0 0 1 
1 0 1 0 
0 0 1 0 
0 1 1 0 
0 1 0 1 
0 1 0 1 
1 0 0 1 
1 0 1 0 
1 0 1 0 
1 0 1 0 
1 1 0 0 
0 1 0 1 
0 0 1 1 
1 0 1 0 
1 0 1 0 
1 0 1 0 
0 1 1 0 
0 1 0 1 
0 0 1 1 
1 0 0 0 
1 0 1 0 
1 1 1 0 
0 1 0 1 
0 0 0 1 
1 0 1 0 
1 1 0 0 
1 0 0 1 
1 1 0 0 
1 1 0 1 
0 0 0 1 
1 1 0 0 
0 1 0 1 
1 0 0 1 
1 1 0 0 
0 1 0 1 
0 1 0 1 
1 0 0 1 
2 2 1
6 9 11
2 8 11
1 7 12
7 8 12
0 1 12
8 7 21
2 7 21
3 4 34
8 2 33 0 3
0 11 33 4 6