15
15
0 1 0 0 
0 1 0 1 
0 0 1 1 
0 1 1 0 
0 1 0 1 
0 1 1 1 
0 1 0 1 
0 0 1 1 
0 1 1 0 
0 1 0 1 
0 1 0 1 
0 1 0 1 
0 1 0 1 
0 1 1 1 
0 0 1 1 
0 0 1 0 
0 1 1 0 
1 0 0 1 
1 0 1 0 
0 0 1 0 
1 0 1 0 
0 1 1 0 
1 0 0 1 
1 0 1 0 
0 1 1 0 
0 0 0 1 
0 1 1 0 
0 1 0 1 
1 0 0 1 
1 0 1 0 
1 1 1 0 
1 0 0 1 
0 0 1 0 
1 1 1 0 
1 0 0 1 
1 0 1 0 
1 1 0 0 
0 0 1 1 
1 1 0 0 
1 0 1 1 
0 1 1 0 
1 0 0 1 
0 1 1 0 
0 0 0 1 
1 0 1 0 
1 1 0 0 
0 0 1 1 
1 1 1 0 
1 0 0 1 
0 1 1 0 
1 0 0 1 
0 0 1 0 
1 1 0 0 
0 0 1 1 
1 0 0 0 
1 0 1 0 
0 0 1 0 
1 1 1 0 
0 1 0 1 
1 0 0 1 
0 0 1 0 
1 0 1 0 
1 0 0 0 
0 1 1 0 
1 0 0 1 
0 0 1 0 
1 1 1 0 
0 1 0 1 
1 0 0 1 
0 1 1 0 
1 0 0 1 
1 0 1 0 
1 1 0 0 
0 1 0 1 
0 0 1 1 
1 0 1 0 
1 0 1 0 
0 1 1 0 
1 0 0 1 
0 1 0 0 
1 0 1 1 
1 0 1 0 
0 1 0 0 
0 0 1 1 
1 1 1 0 
0 0 1 1 
1 0 1 0 
0 1 1 0 
0 1 0 1 
1 0 0 1 
1 0 1 0 
1 1 0 0 
1 0 0 1 
0 1 1 0 
0 1 0 1 
1 0 0 1 
1 1 0 0 
0 0 -1 1 
1 0 1 0 
1 0 1 0 
1 0 1 0 
1 1 0 0 
1 1 0 1 
0 0 1 1 
0 0 1 0 
1 1 1 0 
0 1 1 1 
0 0 0 1 
1 1 1 0 
0 1 0 1 
0 1 0 1 
0 0 1 1 
-1 0 1 0 
1 1 1 0 
1 0 0 1 
1 0 1 0 
0 1 1 0 
0 0 1 1 
1 0 1 0 
1 0 1 0 
1 0 1 0 
1 1 0 0 
0 0 1 1 
1 1 1 0 
0 0 0 1 
0 1 1 0 
1 0 1 1 
1 0 1 0 
1 1 1 0 
0 0 0 1 
1 0 1 0 
1 0 1 0 
1 0 1 0 
1 1 0 0 
1 0 0 1 
1 0 1 0 
0 0 1 0 
1 0 1 0 
1 0 1 0 
0 1 1 0 
1 0 0 1 
1 0 1 0 
1 0 1 0 
1 0 0 0 
0 1 1 0 
1 0 0 1 
1 0 1 0 
1 0 1 0 
0 1 1 0 
0 0 1 1 
1 1 0 0 
1 0 1 1 
1 1 0 0 
1 0 0 1 
1 0 1 0 
0 1 0 0 
1 0 0 1 
1 1 0 0 
0 0 1 1 
1 1 1 0 
0 1 0 1 
1 0 0 1 
1 1 0 0 
1 0 0 1 
1 0 1 0 
0 1 1 0 
1 1 0 1 
0 1 0 1 
0 0 0 1 
1 1 0 0 
0 0 1 1 
0 1 1 0 
0 1 0 1 
1 0 0 1 
1 1 0 0 
0 1 0 1 
0 1 0 1 
0 0 1 1 
0 1 1 0 
1 0 0 1 
1 0 1 0 
0 0 1 0 
0 1 1 0 
0 1 0 1 
0 1 0 1 
1 0 0 1 
1 1 0 0 
0 1 0 1 
0 0 1 1 
0 1 1 0 
0 1 0 1 
0 1 0 1 
1 0 1 1 
1 1 0 0 
0 0 1 1 
1 0 1 0 
1 0 1 0 
1 1 0 0 
0 1 0 1 
0 1 0 1 
0 0 1 1 
0 1 1 0 
0 0 1 1 
1 0 1 0 
1 0 0 0 
0 1 1 0 
0 0 1 1 
1 0 0 0 
0 1 1 0 
1 0 1 1 
1 1 0 0 
1 1 0 1 
0 1 0 1 
0 1 0 1 
0 0 0 1 
1 1 0 0 
1 0 0 1 
1 1 0 0 
1 1 0 1 
0 1 0 1 
1 0 0 1 
1 1 0 0 
0 1 0 1 
1 0 0 1 
1 0 0 0 
0 0 1
12 12 11
10 10 11
14 0 12
1 7 12
8 3 12
14 7 12
5 0 12
7 8 12
2 3 12
2 0 12
3 7 12
1 12 12
0 11 21
13 14 21
12 12 21
5 6 21
1 12 21
5 7 21
14 13 33 10 10
11 12 33 2 7
12 2 33 14 2
7 7 33 12 12