50
50
0 1 0 0 
0 0 1 1 
0 1 0 0 
0 1 0 1 
0 1 1 1 
0 1 0 1 
0 1 0 1 
0 1 0 1 
0 1 1 1 
0 0 1 1 
0 1 1 0 
0 1 0 1 
0 1 0 1 
0 1 0 1 
0 0 0 1 
0 1 1 0 
0 1 0 1 
0 1 0 1 
0 1 1 1 
0 1 0 1 
0 0 0 1 
0 1 1 0 
0 1 0 1 
0 1 0 1 
0 1 0 1 
0 1 0 1 
0 1 1 1 
0 0 1 1 
0 1 0 0 
0 1 0 1 
0 1 0 1 
0 1 0 1 
0 1 1 1 
0 1 0 1 
0 1 0 1 
0 0 0 1 
0 1 1 0 
0 1 0 1 
0 1 0 1 
0 1 0 1 
0 1 0 1 
0 1 1 1 
0 1 0 1 
0 1 0 1 
0 0 1 1 
0 0 1 0 
0 1 1 0 
0 1 0 1 
0 1 0 1 
0 0 1 1 
0 0 1 0 
1 1 0 0 
0 1 0 1 
0 0 1 1 
1 0 0 0 
0 1 1 0 
0 1 0 1 
0 1 0 1 
1 0 0 1 
1 0 1 0 
1 1 0 0 
0 1 0 1 
0 0 1 1 
0 1 1 0 
0 0 1 1 
1 0 1 0 
0 0 1 0 
0 1 1 0 
1 0 0 1 
0 1 1 0 
0 1 0 1 
1 0 0 1 
0 1 1 0 
0 1 1 1 
0 0 0 1 
0 1 1 0 
1 0 0 1 
1 0 1 0 
0 1 1 0 
0 1 0 1 
0 1 0 1 
0 0 1 1 
1 1 0 0 
0 1 0 1 
0 1 0 1 
0 1 1 1 
1 0 0 1 
0 1 1 0 
0 0 1 1 
0 1 1 0 
0 1 0 1 
1 0 0 1 
0 1 1 0 
0 0 0 1 
1 0 1 0 
1 0 1 0 
1 1 0 0 
0 0 1 1 
0 1 1 0 
1 0 1 1 
1 1 1 0 
0 1 1 1 
0 0 0 1 
1 1 0 0 
0 1 0 1 
1 0 0 1 
0 1 1 0 
0 1 0 1 
0 0 1 1 
1 0 1 0 
0 1 1 0 
0 0 1 1 
1 1 0 0 
1 0 0 1 
1 1 0 0 
1 0 1 1 
1 0 1 0 
1 1 0 0 
0 1 0 1 
1 0 0 1 
0 1 0 0 
0 1 1 1 
1 0 0 1 
1 0 1 0 
0 1 1 0 
1 0 0 1 
0 1 0 0 
1 1 0 1 
1 0 0 1 
0 0 1 0 
0 1 1 0 
1 0 0 1 
0 1 1 0 
0 1 0 1 
0 0 1 1 
1 1 0 0 
0 1 0 1 
1 0 0 1 
1 0 1 0 
1 0 1 0 
0 1 0 0 
0 1 0 1 
1 0 1 1 
0 1 1 0 
1 0 0 1 
1 1 1 0 
0 1 0 1 
1 0 0 1 
1 0 1 0 
1 0 1 0 
1 0 0 0 
1 1 0 0 
0 1 1 1 
0 1 1 1 
0 1 0 1 
0 0 0 1 
1 0 1 0 
0 1 1 0 
1 0 0 1 
1 1 0 0 
1 0 0 1 
1 1 0 0 
0 0 1 1 
0 1 1 0 
0 0 1 1 
1 0 1 0 
1 1 1 0 
0 1 0 1 
0 1 0 1 
0 1 0 1 
0 1 1 1 
1 0 0 1 
0 0 1 0 
1 0 1 0 
1 0 1 0 
0 1 1 0 
0 1 0 1 
0 0 1 1 
0 1 1 0 
1 0 1 1 
1 1 0 0 
0 1 0 1 
1 0 0 1 
0 0 1 0 
1 0 1 0 
0 1 1 0 
0 1 0 1 
0 0 0 1 
1 0 1 0 
1 1 0 0 
0 0 1 1 
0 1 1 0 
1 0 0 1 
1 0 1 0 
0 1 0 0 
1 0 1 1 
0 1 1 0 
0 0 1 1 
1 0 1 0 
1 0 1 0 
0 1 1 0 
0 1 0 1 
1 0 0 1 
1 0 1 0 
0 1 1 0 
0 1 0 1 
1 0 0 1 
1 1 0 0 
0 1 1 1 
0 0 0 1 
0 1 1 0 
0 1 0 1 
1 0 0 1 
1 0 1 0 
1 0 1 0 
1 0 1 0 
1 0 0 0 
0 1 1 0 
0 1 0 1 
0 1 0 1 
1 0 1 1 
0 1 0 0 
1 1 0 1 
1 0 1 1 
1 1 0 0 
1 0 0 1 
0 1 1 0 
1 0 0 1 
1 0 1 0 
1 1 0 0 
0 0 1 1 
0 1 1 0 
0 0 1 1 
1 1 1 0 
1 0 0 1 
1 0 1 0 
0 1 1 0 
0 1 0 1 
1 0 0 1 
0 0 1 0 
1 0 1 0 
1 1 0 0 
0 0 1 1 
1 1 0 0 
0 0 1 1 
1 0 1 0 
1 0 0 0 
1 0 1 0 
1 0 1 0 
1 0 0 0 
1 0 1 0 
0 1 0 0 
0 1 0 1 
1 0 0 1 
1 1 0 0 
0 0 1 1 
0 1 1 0 
0 1 0 1 
1 0 0 1 
0 1 1 0 
1 0 0 1 
0 1 1 0 
0 1 0 1 
1 0 0 1 
1 0 1 0 
1 1 1 0 
0 1 0 1 
1 0 0 1 
0 1 1 0 
0 0 1 1 
1 0 1 0 
0 1 1 0 
0 0 1 1 
1 1 0 0 
0 1 0 1 
0 0 0 1 
1 0 1 0 
0 0 1 0 
1 0 1 0 
0 1 1 0 
1 0 0 1 
1 0 1 0 
1 0 1 0 
1 0 1 0 
0 1 1 0 
1 0 0 1 
1 0 1 0 
0 1 1 0 
0 1 0 1 
1 0 1 1 
1 1 0 0 
0 0 1 1 
1 1 1 0 
0 0 0 1 
1 0 1 0 
1 1 0 0 
0 1 0 1 
1 0 0 1 
1 1 0 0 
0 0 1 1 
1 0 1 0 
0 1 1 0 
0 1 0 1 
0 1 0 1 
0 1 0 1 
1 0 0 1 
1 1 0 0 
0 1 0 1 
0 0 1 1 
1 0 1 0 
0 1 0 0 
1 1 0 1 
0 1 0 1 
0 0 1 1 
1 0 1 0 
1 0 0 0 
0 1 1 0 
0 0 1 1 
1 0 1 0 
1 0 1 0 
1 0 0 0 
1 0 1 0 
1 1 0 0 
0 0 1 1 
0 1 1 0 
0 1 0 1 
1 0 0 1 
1 1 1 0 
1 0 0 1 
1 1 0 0 
0 1 0 1 
1 0 0 1 
1 1 0 0 
1 0 0 1 
1 1 1 0 
0 1 0 1 
1 0 0 1 
1 0 0 0 
0 1 1 0 
1 0 1 1 
0 0 1 0 
1 0 1 0 
1 1 1 0 
0 1 0 1 
1 1 0 1 
0 1 0 1 
0 1 0 1 
0 1 0 1 
0 0 1 1 
1 0 1 0 
1 0 1 0 
1 1 0 0 
0 1 0 1 
0 0 1 1 
0 0 1 0 
0 1 1 0 
0 1 0 1 
0 1 0 1 
1 0 1 1 
1 0 1 0 
0 1 1 0 
0 0 1 1 
0 1 1 0 
1 0 0 1 
1 1 0 0 
0 0 1 1 
1 0 1 0 
1 1 0 0 
1 0 0 1 
1 1 0 0 
0 1 0 1 
1 0 0 1 
0 0 1 0 
1 1 0 0 
1 0 0 1 
0 1 0 0 
0 0 1 1 
1 1 0 0 
0 0 1 1 
0 1 1 0 
0 1 0 1 
0 1 0 1 
0 0 1 1 
0 1 1 0 
1 0 0 1 
0 1 0 0 
0 1 0 1 
0 1 1 1 
1 0 0 1 
1 0 1 0 
1 0 1 0 
1 0 1 0 
1 0 0 0 
0 1 1 0 
0 1 0 1 
0 0 1 1 
0 1 1 0 
0 0 0 1 
1 1 0 0 
1 0 1 1 
1 1 1 0 
0 1 0 1 
0 0 0 1 
1 1 0 0 
1 0 1 1 
1 1 0 0 
0 1 0 1 
0 0 1 1 
1 0 1 0 
1 1 0 0 
1 0 0 1 
1 1 0 0 
1 0 0 1 
0 1 1 0 
0 0 1 1 
1 1 0 0 
1 0 0 1 
0 1 1 0 
0 0 1 1 
0 1 0 0 
0 1 1 1 
0 0 0 1 
1 1 1 0 
0 1 1 1 
0 1 0 1 
0 0 1 1 
1 1 1 0 
0 0 1 1 
1 0 1 0 
1 0 1 0 
0 0 1 0 
0 1 1 0 
1 0 1 1 
1 0 1 0 
0 1 1 0 
0 1 0 1 
0 1 0 1 
1 0 0 1 
0 0 1 0 
1 0 1 0 
1 0 1 0 
1 1 0 0 
0 1 0 1 
1 0 0 1 
0 1 1 0 
1 0 0 1 
1 1 0 0 
0 1 0 1 
0 1 1 1 
1 0 0 1 
1 0 1 0 
0 1 1 0 
0 1 1 1 
0 0 0 1 
1 1 1 0 
0 1 0 1 
0 0 0 1 
1 0 1 0 
1 0 0 0 
0 1 1 0 
0 1 1 1 
0 1 0 1 
0 0 1 1 
1 0 1 0 
1 1 1 0 
0 1 0 1 
0 1 0 1 
1 0 1 1 
1 1 0 0 
0 1 0 1 
1 0 1 1 
0 1 1 0 
1 0 0 1 
1 0 1 0 
0 1 1 0 
1 0 0 1 
1 0 0 0 
1 0 1 0 
1 0 1 0 
1 1 0 0 
1 0 0 1 
1 0 1 0 
1 0 0 0 
1 0 1 0 
1 0 1 0 
0 1 0 0 
0 1 0 1 
0 1 0 1 
1 0 1 1 
1 0 1 0 
1 1 0 0 
0 1 1 1 
0 0 1 1 
0 0 1 0 
1 1 0 0 
0 0 1 1 
0 1 1 0 
0 0 1 1 
1 1 0 0 
0 0 0 1 
1 1 1 0 
1 0 0 1 
1 1 0 0 
0 1 0 1 
1 0 0 1 
0 1 1 0 
0 1 0 1 
1 0 1 1 
0 1 1 0 
1 0 0 1 
1 0 1 0 
0 1 0 0 
1 0 0 1 
1 0 1 0 
1 1 0 0 
0 0 1 1 
0 1 1 0 
1 0 0 1 
0 1 1 0 
0 0 1 1 
1 0 1 0 
1 1 0 0 
0 0 1 1 
1 0 1 0 
1 0 1 0 
0 1 1 0 
0 1 1 1 
1 0 0 1 
1 0 1 0 
0 1 1 0 
0 0 1 1 
1 1 0 0 
0 0 1 1 
1 0 1 0 
1 1 0 0 
0 1 0 1 
0 1 1 1 
0 0 1 1 
1 0 1 0 
1 1 0 0 
0 0 1 1 
1 0 1 0 
1 1 0 0 
1 1 1 1 
0 0 0 1 
1 1 0 0 
1 0 0 1 
1 1 0 0 
0 1 0 1 
0 0 1 1 
1 1 0 0 
0 1 0 1 
0 1 0 1 
0 0 1 1 
0 0 1 0 
1 0 1 0 
0 1 1 0 
1 0 0 1 
1 0 1 0 
0 0 1 0 
1 1 0 0 
0 1 0 1 
0 1 0 1 
1 0 0 1 
0 0 1 0 
1 0 1 0 
1 0 0 0 
0 1 1 0 
1 0 0 1 
1 0 1 0 
1 1 0 0 
0 0 1 1 
1 0 1 0 
1 0 1 0 
1 1 0 0 
1 0 0 1 
1 0 0 0 
0 1 1 0 
1 0 0 1 
1 0 1 0 
1 0 1 0 
0 1 1 0 
1 0 1 1 
1 1 0 0 
0 1 0 1 
0 0 1 1 
1 0 1 0 
1 0 1 0 
1 1 1 0 
0 1 0 1 
1 0 0 1 
1 1 0 0 
0 0 1 1 
1 0 0 0 
0 1 1 0 
0 1 0 1 
0 1 0 1 
0 1 0 1 
0 1 0 1 
1 0 1 1 
0 1 0 0 
0 1 0 1 
0 0 1 1 
1 0 1 0 
1 0 1 0 
1 0 1 0 
1 0 1 0 
0 1 1 0 
1 0 0 1 
1 1 0 0 
0 1 0 1 
0 1 0 1 
0 1 0 1 
0 1 1 1 
1 0 1 1 
1 1 0 0 
0 1 0 1 
1 0 0 1 
0 0 1 0 
1 0 1 0 
0 1 0 0 
1 0 0 1 
1 0 1 0 
1 1 0 0 
0 1 0 1 
0 1 0 1 
0 0 1 1 
1 1 0 0 
0 1 0 1 
1 0 0 1 
1 0 1 0 
1 0 1 0 
1 1 0 0 
0 0 1 1 
0 1 1 0 
1 0 0 1 
1 0 0 0 
1 0 1 0 
1 1 0 0 
0 0 1 1 
0 1 1 0 
0 0 1 1 
1 0 1 0 
0 1 1 0 
1 0 0 1 
0 0 1 0 
0 1 1 0 
0 1 0 1 
0 1 0 1 
1 0 0 1 
0 1 1 0 
0 0 1 1 
1 0 1 0 
1 1 0 0 
1 0 1 1 
1 0 1 0 
1 0 0 0 
1 1 0 0 
0 0 1 1 
0 1 1 0 
0 1 0 1 
0 1 0 1 
0 1 0 1 
1 0 0 1 
1 0 1 0 
0 1 0 0 
0 1 1 1 
0 1 0 1 
1 0 0 1 
1 1 0 0 
0 1 0 1 
0 1 0 1 
1 0 0 1 
0 1 1 0 
0 1 1 1 
0 0 0 1 
1 1 0 0 
0 1 0 1 
0 0 1 1 
0 1 1 0 
1 0 0 1 
1 1 0 0 
0 0 1 1 
1 0 1 0 
1 0 1 0 
0 1 1 0 
0 1 1 1 
1 0 0 1 
0 1 1 0 
1 1 0 1 
1 0 0 1 
1 1 0 0 
1 0 0 1 
1 1 0 0 
0 0 1 1 
1 1 0 0 
1 1 0 1 
0 1 0 1 
0 0 1 1 
0 0 1 0 
1 0 1 0 
1 1 0 0 
1 0 1 1 
0 1 1 0 
1 0 0 1 
1 1 0 0 
0 1 1 1 
0 0 0 1 
1 1 0 0 
1 0 0 1 
0 0 1 0 
0 1 1 0 
0 1 1 1 
0 0 0 1 
1 0 1 0 
0 1 1 0 
1 0 1 1 
0 1 1 0 
0 1 0 1 
0 1 1 1 
0 1 0 1 
0 0 0 1 
0 1 1 0 
1 0 1 1 
1 0 0 0 
0 1 1 0 
0 1 1 1 
0 0 0 1 
1 1 0 0 
1 0 0 1 
0 1 1 0 
0 1 1 1 
1 0 1 1 
1 0 0 0 
1 0 1 0 
1 0 1 0 
1 0 1 0 
0 0 1 0 
1 0 1 0 
0 0 1 0 
0 1 1 0 
0 1 0 1 
0 1 1 1 
0 0 1 1 
1 1 0 0 
0 0 1 1 
0 1 1 0 
0 0 1 1 
1 1 0 0 
1 0 1 1 
1 1 1 0 
0 0 1 1 
1 0 0 0 
1 1 1 0 
0 0 0 1 
0 1 1 0 
1 0 1 1 
0 1 1 0 
0 1 0 1 
0 1 0 1 
1 1 0 1 
1 0 0 1 
1 1 0 0 
0 1 0 1 
1 0 0 1 
1 0 1 0 
1 0 1 0 
1 0 1 0 
0 1 1 0 
1 0 0 1 
0 1 1 0 
0 1 0 1 
1 0 0 1 
1 1 0 0 
0 1 0 1 
1 0 1 1 
1 1 0 0 
0 0 1 1 
0 1 1 0 
0 1 0 1 
1 0 0 1 
1 0 1 0 
1 0 0 0 
0 1 1 0 
1 0 0 1 
1 0 1 0 
1 0 1 0 
1 0 1 0 
1 1 0 0 
1 0 1 1 
1 1 0 0 
0 0 1 1 
1 0 1 0 
1 0 1 0 
0 0 1 0 
1 0 1 0 
1 0 1 0 
1 0 1 0 
0 1 1 0 
1 0 0 1 
1 0 1 0 
1 1 0 0 
0 1 0 1 
1 0 0 1 
0 1 1 0 
1 0 0 1 
1 0 1 0 
1 0 1 0 
0 1 0 0 
0 0 1 1 
0 1 1 0 
0 1 0 1 
0 0 1 1 
0 1 1 0 
0 1 0 1 
1 0 1 1 
1 0 0 0 
1 0 1 0 
1 0 1 0 
0 1 1 0 
1 1 0 1 
0 1 0 1 
0 0 0 1 
0 1 1 0 
0 0 1 1 
1 1 0 0 
0 0 0 1 
1 1 0 0 
1 0 1 1 
0 1 1 0 
0 1 1 1 
1 0 0 1 
0 1 1 0 
1 0 0 1 
0 1 0 0 
1 0 0 1 
1 0 1 0 
1 1 0 0 
0 1 0 1 
1 0 0 1 
0 1 1 0 
1 0 0 1 
1 0 1 0 
1 1 0 0 
1 0 0 1 
1 0 1 0 
1 0 0 0 
1 0 1 0 
1 1 0 0 
0 0 1 1 
1 1 0 0 
0 1 0 1 
0 1 0 1 
0 0 1 1 
1 0 1 0 
0 1 0 0 
1 0 0 1 
1 1 0 0 
0 0 1 1 
1 1 0 0 
1 1 0 1 
0 0 1 1 
1 1 0 0 
1 1 0 1 
0 0 0 1 
1 0 1 0 
0 1 1 0 
1 0 0 1 
1 1 0 0 
1 0 0 1 
0 1 1 0 
0 1 0 1 
0 0 1 1 
1 0 1 0 
1 1 0 0 
0 0 1 1 
0 1 1 0 
0 0 1 1 
1 0 1 0 
1 0 1 0 
1 0 1 0 
0 1 1 0 
1 0 0 1 
0 1 1 0 
0 1 1 1 
0 0 1 1 
1 1 0 0 
0 1 0 1 
0 1 0 1 
0 1 1 1 
1 1 0 1 
0 0 0 1 
1 0 1 0 
0 1 1 0 
0 0 1 1 
1 0 1 0 
0 1 1 0 
1 0 0 1 
0 1 1 0 
1 0 0 1 
0 1 1 0 
0 1 0 1 
0 1 0 1 
1 0 0 1 
1 1 0 0 
0 1 0 1 
0 1 0 1 
0 0 1 1 
1 1 0 0 
0 0 1 1 
0 0 1 0 
1 1 0 0 
0 0 1 1 
0 1 1 0 
0 1 0 1 
1 0 0 1 
1 1 0 0 
0 1 0 1 
0 0 1 1 
0 1 1 0 
1 0 0 1 
0 0 1 0 
1 0 1 0 
1 0 1 0 
0 1 0 0 
1 0 1 1 
1 0 1 0 
1 0 1 0 
1 0 1 0 
1 0 1 0 
1 0 0 0 
1 1 0 0 
0 0 1 1 
1 0 0 0 
1 0 1 0 
1 1 0 0 
0 1 0 1 
0 1 0 1 
0 0 1 1 
1 0 1 0 
0 1 1 0 
0 1 0 1 
1 0 1 1 
1 0 1 0 
1 1 0 0 
1 0 0 1 
1 0 1 0 
0 1 1 0 
1 0 0 1 
0 0 1 0 
1 0 1 0 
0 1 1 0 
0 1 0 1 
0 1 1 1 
0 1 0 1 
0 1 0 1 
0 0 1 1 
1 1 1 0 
0 0 0 1 
1 0 1 0 
1 0 1 0 
0 1 1 0 
1 0 0 1 
1 0 1 0 
0 1 1 0 
0 1 0 1 
0 0 1 1 
0 1 1 0 
1 0 0 1 
1 0 1 0 
0 1 1 0 
1 0 0 1 
1 0 1 0 
1 1 0 0 
0 0 1 1 
1 0 1 0 
1 0 1 0 
1 0 1 0 
1 0 0 0 
1 0 1 0 
0 1 1 0 
0 0 1 1 
1 1 0 0 
0 1 0 1 
1 0 0 1 
0 1 1 0 
0 1 0 1 
0 0 0 1 
1 0 1 0 
1 0 0 0 
1 1 0 0 
0 0 1 1 
1 0 0 0 
1 0 1 0 
0 1 1 0 
0 0 0 1 
1 1 1 0 
1 0 0 1 
0 1 0 0 
1 0 1 1 
1 0 1 0 
1 0 1 0 
0 0 1 0 
1 0 1 0 
0 1 1 0 
0 0 0 1 
1 0 1 0 
1 0 1 0 
0 1 1 0 
1 0 0 1 
1 0 1 0 
1 1 0 0 
0 0 1 1 
1 1 0 0 
1 0 0 1 
0 0 1 0 
1 1 0 0 
1 0 0 1 
0 1 1 0 
1 0 0 1 
1 1 1 0 
0 1 0 1 
1 0 0 1 
0 1 1 0 
1 0 0 1 
1 1 0 0 
1 0 0 1 
1 1 0 0 
0 0 1 1 
1 0 1 0 
1 0 1 0 
1 0 1 0 
0 1 1 0 
0 1 1 1 
0 0 0 1 
1 1 1 0 
0 1 0 1 
0 0 1 1 
1 1 0 0 
0 1 0 1 
0 0 1 1 
1 1 1 0 
0 0 1 1 
1 0 1 0 
1 0 1 0 
0 1 1 0 
1 0 0 1 
0 1 1 0 
0 1 0 1 
1 0 1 1 
1 0 1 0 
1 1 0 0 
1 0 0 1 
1 0 1 0 
1 0 1 0 
0 1 1 0 
1 0 0 1 
1 0 1 0 
1 0 1 0 
0 1 1 0 
1 1 0 1 
0 1 0 1 
1 0 0 1 
0 1 1 0 
0 1 0 1 
1 0 1 1 
0 1 1 0 
0 0 1 1 
1 0 1 0 
0 1 1 0 
1 0 0 1 
0 1 1 0 
0 1 0 1 
1 0 0 1 
0 1 1 0 
0 1 0 1 
0 1 0 1 
0 0 1 1 
1 0 1 0 
1 0 1 0 
1 0 1 0 
1 1 0 0 
1 0 0 1 
1 1 0 0 
0 1 0 1 
1 0 0 1 
0 0 1 0 
1 1 0 0 
0 1 0 1 
0 0 1 1 
1 0 1 0 
1 0 1 0 
1 0 1 0 
1 0 1 0 
1 1 0 0 
1 1 0 1 
0 1 0 1 
1 0 0 1 
0 1 1 0 
1 0 0 1 
1 0 1 0 
0 1 1 0 
0 1 0 1 
1 0 0 1 
1 1 0 0 
1 0 0 1 
0 1 1 0 
1 0 1 1 
1 0 1 0 
1 0 1 0 
0 1 1 0 
0 1 1 1 
0 0 1 1 
1 1 0 0 
0 0 0 1 
1 1 0 0 
1 0 0 1 
1 0 1 0 
1 0 1 0 
1 1 0 0 
0 0 1 1 
1 1 0 0 
0 0 1 1 
0 1 1 0 
1 0 0 1 
0 0 1 0 
0 1 1 0 
1 0 0 1 
1 0 1 0 
1 0 1 0 
1 0 1 0 
0 1 1 0 
0 1 0 1 
0 0 1 1 
0 1 1 0 
0 1 0 1 
1 1 0 1 
0 1 0 1 
0 0 1 1 
1 1 0 0 
1 0 0 1 
1 0 0 0 
1 0 1 0 
1 1 0 0 
0 1 0 1 
0 0 1 1 
0 0 1 0 
0 1 1 0 
1 0 0 1 
0 0 1 0 
1 0 1 0 
1 1 1 0 
0 1 0 1 
0 1 0 1 
0 1 0 1 
0 0 1 1 
1 0 1 0 
1 0 0 0 
1 0 1 0 
1 0 1 0 
1 0 0 0 
1 0 1 0 
1 1 0 0 
0 1 0 1 
0 1 0 1 
0 1 0 1 
0 1 0 1 
1 0 1 1 
1 1 0 0 
0 0 1 1 
1 1 0 0 
0 1 0 1 
1 0 0 1 
1 1 0 0 
0 1 0 1 
1 0 1 1 
1 0 1 0 
0 1 1 0 
1 0 0 1 
1 0 1 0 
1 1 0 0 
1 0 0 1 
0 0 1 0 
1 0 1 0 
1 1 1 0 
0 1 0 1 
0 0 1 1 
0 0 1 0 
1 1 0 0 
0 1 0 1 
0 1 0 1 
0 1 0 1 
1 1 1 1 
0 1 0 1 
0 0 0 1 
1 0 1 0 
1 0 1 0 
1 1 0 0 
0 0 1 1 
1 0 1 0 
1 0 1 0 
1 1 0 0 
0 1 0 1 
0 0 0 1 
0 1 1 0 
1 0 1 1 
1 0 1 0 
0 1 1 0 
1 0 0 1 
1 1 0 0 
0 0 1 1 
1 1 0 0 
0 1 0 1 
0 1 0 1 
0 0 1 1 
0 1 1 0 
0 0 0 1 
1 1 0 0 
0 0 1 1 
1 1 0 0 
0 1 0 1 
0 1 0 1 
0 1 0 1 
0 0 1 1 
0 0 1 0 
1 0 1 0 
1 1 0 0 
1 1 0 1 
0 1 0 1 
1 0 0 1 
0 1 1 0 
0 1 0 1 
1 1 0 1 
1 0 0 1 
1 0 1 0 
0 1 1 0 
1 0 0 1 
1 1 0 0 
0 0 1 1 
0 1 1 0 
0 1 0 1 
0 1 0 1 
1 0 0 1 
0 1 1 0 
0 1 0 1 
1 0 0 1 
1 1 1 0 
0 0 1 1 
1 1 0 0 
1 0 1 1 
1 1 0 0 
0 0 1 1 
0 1 1 0 
0 0 1 1 
1 0 1 0 
1 0 0 0 
1 1 0 0 
1 0 0 1 
0 1 0 0 
0 0 1 1 
1 1 0 0 
0 0 1 1 
0 1 1 0 
0 0 1 1 
1 0 1 0 
1 0 1 0 
0 1 1 0 
0 1 0 1 
1 0 0 1 
0 1 1 0 
0 0 1 1 
0 1 1 0 
0 0 0 1 
1 0 1 0 
1 1 1 0 
1 0 0 1 
0 1 1 0 
0 1 0 1 
0 1 0 1 
0 1 0 1 
1 0 0 1 
0 1 0 0 
0 0 1 1 
0 1 1 0 
1 0 0 1 
1 0 1 0 
0 1 1 0 
0 0 1 1 
1 1 0 0 
1 1 0 1 
0 0 0 1 
0 1 1 0 
0 1 1 1 
1 0 0 1 
0 1 0 0 
0 1 0 1 
1 0 0 1 
1 1 1 0 
0 1 0 1 
1 0 0 1 
0 0 1 0 
1 1 0 0 
1 0 0 1 
1 0 1 0 
1 0 1 0 
0 1 1 0 
0 0 1 1 
0 1 1 0 
0 1 1 1 
1 1 1 1 
0 0 0 1 
1 1 0 0 
1 0 0 1 
1 0 1 0 
1 0 1 0 
1 0 1 0 
1 0 1 0 
0 1 1 0 
0 1 0 1 
1 0 0 1 
1 1 0 0 
1 0 1 1 
0 1 1 0 
1 0 0 1 
1 1 1 0 
0 0 0 1 
1 0 1 0 
0 1 1 0 
0 0 1 1 
0 1 1 0 
0 1 1 1 
0 1 1 1 
1 0 0 1 
1 1 0 0 
0 0 1 1 
1 0 1 0 
1 0 1 0 
1 1 0 0 
0 1 0 1 
0 0 1 1 
0 1 1 0 
1 0 0 1 
1 0 0 0 
0 1 1 0 
0 0 1 1 
0 1 1 0 
0 0 1 1 
1 0 1 0 
0 1 1 0 
0 0 1 1 
1 0 1 0 
0 1 1 0 
0 1 0 1 
1 0 0 1 
1 1 1 0 
1 0 0 1 
1 1 0 0 
1 0 0 1 
1 0 1 0 
1 0 1 0 
0 1 1 0 
0 1 1 1 
0 0 0 1 
1 1 0 0 
1 0 0 1 
1 0 1 0 
1 0 1 0 
1 1 1 0 
0 0 1 1 
0 1 1 0 
0 0 0 1 
1 0 1 0 
1 0 1 0 
0 0 1 0 
1 0 1 0 
0 1 1 0 
1 0 0 1 
1 0 1 0 
1 1 0 0 
1 0 0 1 
1 0 1 0 
1 0 0 0 
0 1 1 0 
0 1 0 1 
1 0 0 1 
1 0 1 0 
1 0 1 0 
0 1 0 0 
0 1 0 1 
1 0 1 1 
1 0 1 0 
0 1 1 0 
0 0 1 1 
1 0 1 0 
1 1 0 0 
1 0 0 1 
1 0 1 0 
1 0 1 0 
1 0 0 0 
1 0 1 0 
1 0 1 0 
1 1 0 0 
0 1 0 1 
0 0 1 1 
1 0 0 0 
0 1 1 0 
0 1 0 1 
0 0 1 1 
1 0 1 0 
1 0 0 0 
1 0 1 0 
1 0 1 0 
0 1 1 0 
0 0 1 1 
0 1 1 0 
1 1 0 1 
1 0 0 1 
1 0 0 0 
1 0 1 0 
1 1 1 0 
0 1 0 1 
1 0 0 1 
1 0 1 0 
1 1 1 0 
1 0 0 1 
1 0 1 0 
0 0 1 0 
1 0 1 0 
0 1 0 0 
0 0 1 1 
1 1 0 0 
0 1 0 1 
1 1 0 1 
0 0 0 1 
0 1 1 0 
1 0 0 1 
1 1 0 0 
0 1 0 1 
0 0 1 1 
1 1 1 0 
1 0 0 1 
1 0 1 0 
1 1 0 0 
1 0 0 1 
0 1 1 0 
0 0 0 1 
1 0 1 0 
1 1 0 0 
0 0 1 1 
1 0 1 0 
1 1 1 0 
0 1 1 1 
0 0 0 1 
1 1 0 0 
0 1 0 1 
1 0 0 1 
0 1 1 0 
1 0 0 1 
1 0 1 0 
0 1 1 0 
1 0 0 1 
1 1 0 0 
1 0 0 1 
1 0 1 0 
1 1 0 0 
0 1 0 1 
0 1 0 1 
0 0 1 1 
1 0 1 0 
1 0 1 0 
0 1 1 0 
0 0 1 1 
1 0 1 0 
1 0 0 0 
0 1 1 0 
1 0 0 1 
1 0 1 0 
1 1 0 0 
0 0 1 1 
1 1 1 0 
0 1 1 1 
0 0 0 1 
0 1 1 0 
0 0 1 1 
1 0 1 0 
0 1 1 0 
0 1 0 1 
0 0 1 1 
1 0 1 0 
1 0 0 0 
0 1 1 0 
1 0 0 1 
0 1 1 0 
0 1 1 1 
1 0 0 1 
0 1 1 0 
1 0 0 1 
0 1 0 0 
1 1 0 1 
1 0 1 1 
1 0 0 0 
1 1 0 0 
0 1 0 1 
0 1 0 1 
0 0 1 1 
0 1 1 0 
1 0 0 1 
0 1 1 0 
1 0 1 1 
1 1 0 0 
0 0 1 1 
0 1 0 0 
0 0 1 1 
1 1 0 0 
0 0 1 1 
0 1 1 0 
0 1 0 1 
1 0 0 1 
1 0 1 0 
1 1 1 0 
1 0 0 1 
1 0 0 0 
1 1 0 0 
0 0 1 1 
1 1 0 0 
0 0 1 1 
1 1 1 0 
0 1 0 1 
1 0 0 1 
1 0 1 0 
1 0 0 0 
0 1 1 0 
1 0 1 1 
1 1 0 0 
1 0 0 1 
1 0 1 0 
0 0 1 0 
1 0 1 0 
1 1 0 0 
0 1 0 1 
1 0 0 1 
0 1 0 0 
1 0 0 1 
1 1 1 0 
0 0 1 1 
1 0 1 0 
0 1 1 0 
0 1 0 1 
0 0 1 1 
1 0 1 0 
0 1 1 0 
0 1 0 1 
0 0 1 1 
0 1 1 0 
1 0 1 1 
1 1 0 0 
0 0 1 1 
1 0 1 0 
1 1 0 0 
0 0 1 1 
1 0 1 0 
0 1 1 0 
1 1 0 1 
0 0 0 1 
1 0 1 0 
1 1 0 0 
0 1 1 1 
0 1 0 1 
1 0 0 1 
1 0 1 0 
0 1 1 0 
0 1 0 1 
0 1 1 1 
1 1 0 1 
0 0 0 1 
1 0 1 0 
1 0 1 0 
0 1 1 0 
0 0 1 1 
1 0 1 0 
0 1 1 0 
1 0 0 1 
1 0 0 0 
0 1 1 0 
0 1 0 1 
1 1 0 1 
1 0 0 1 
1 1 0 0 
0 1 1 1 
0 1 0 1 
0 1 0 1 
0 1 0 1 
0 0 1 1 
1 0 0 0 
1 0 1 0 
1 0 1 0 
1 0 1 0 
0 1 1 0 
1 0 0 1 
1 0 0 0 
1 0 1 0 
0 0 1 0 
1 1 1 0 
1 0 0 1 
1 0 0 0 
0 1 1 0 
1 0 0 1 
1 1 0 0 
0 0 1 1 
1 0 1 0 
1 0 1 0 
1 1 1 0 
0 1 0 1 
0 0 1 1 
1 1 0 0 
0 1 0 1 
1 0 0 1 
0 1 1 0 
0 0 1 1 
1 0 0 0 
1 0 1 0 
0 1 1 0 
1 0 0 1 
0 1 1 0 
0 1 0 1 
1 0 0 1 
1 0 1 0 
1 0 1 0 
1 0 1 0 
1 0 1 0 
1 1 0 0 
0 1 0 1 
0 1 0 1 
1 0 0 1 
0 1 1 0 
0 0 1 1 
0 1 1 0 
0 0 1 1 
1 0 1 0 
0 1 1 0 
0 1 0 1 
0 0 1 1 
1 1 0 0 
0 0 1 1 
1 0 1 0 
1 0 1 0 
1 0 1 0 
1 1 0 0 
0 1 0 1 
0 0 1 1 
1 0 1 0 
1 1 0 0 
1 0 1 1 
0 1 1 0 
0 1 0 1 
1 0 0 1 
0 1 1 0 
0 0 1 1 
1 0 1 0 
1 0 0 0 
1 0 1 0 
1 0 1 0 
0 0 1 0 
1 1 0 0 
0 1 1 1 
0 1 0 1 
0 0 0 1 
1 0 1 0 
1 1 0 0 
0 0 1 1 
1 0 1 0 
1 0 0 0 
0 1 1 0 
1 0 0 1 
0 1 0 0 
0 1 0 1 
1 1 0 1 
1 0 0 1 
1 1 0 0 
1 1 0 1 
0 0 1 1 
0 1 1 0 
0 0 1 1 
0 1 1 0 
1 0 0 1 
1 1 0 0 
1 0 0 1 
1 1 0 0 
1 0 0 1 
1 1 1 0 
0 0 1 1 
1 1 0 0 
0 0 1 1 
1 1 0 0 
1 0 1 1 
1 0 1 0 
1 0 1 0 
0 1 1 0 
0 0 1 1 
1 0 1 0 
1 1 0 0 
0 0 1 1 
1 0 0 0 
1 1 0 0 
0 0 1 1 
0 1 0 0 
1 0 1 1 
1 0 1 0 
1 1 1 0 
0 1 0 1 
1 0 0 1 
1 1 0 0 
1 0 1 1 
0 1 1 0 
1 0 0 1 
0 1 1 0 
0 1 0 1 
1 0 0 1 
0 0 1 0 
1 0 1 0 
1 0 1 0 
0 1 1 0 
1 0 0 1 
0 1 0 0 
0 1 1 1 
0 1 0 1 
0 1 0 1 
0 1 0 1 
0 1 0 1 
0 0 1 1 
1 0 1 0 
1 0 1 0 
1 0 1 0 
1 1 0 0 
0 1 0 1 
0 0 1 1 
0 1 1 0 
0 0 1 1 
0 1 1 0 
1 0 0 1 
1 0 1 0 
0 0 1 0 
1 1 0 0 
0 0 1 1 
1 0 1 0 
1 1 0 0 
1 0 0 1 
1 0 0 0 
1 0 1 0 
1 0 1 0 
0 1 1 0 
1 0 0 1 
0 1 1 0 
0 0 1 1 
1 1 0 0 
0 1 0 1 
1 0 0 1 
1 0 1 0 
1 1 0 0 
0 1 0 1 
0 1 0 1 
0 0 1 1 
1 0 0 0 
1 1 0 0 
0 0 1 1 
1 0 1 0 
0 1 0 0 
0 1 0 1 
1 0 1 1 
1 0 1 0 
1 0 1 0 
1 1 0 0 
0 1 1 1 
0 1 0 1 
1 0 0 1 
0 1 1 0 
0 1 1 1 
0 0 0 1 
0 1 1 0 
1 0 0 1 
1 0 0 0 
1 0 1 0 
1 1 0 0 
0 1 0 1 
0 0 1 1 
1 0 1 0 
1 0 0 0 
1 0 1 0 
1 1 0 0 
0 0 1 1 
1 0 1 0 
1 0 1 0 
0 1 1 0 
1 0 0 1 
1 1 0 0 
0 0 1 1 
0 1 0 0 
0 1 1 1 
1 0 0 1 
1 0 1 0 
1 1 1 0 
0 1 0 1 
1 0 0 1 
1 1 0 0 
0 1 0 1 
0 1 0 1 
0 1 0 1 
1 0 0 1 
0 1 1 0 
0 0 1 1 
0 0 1 0 
1 1 0 0 
0 0 1 1 
0 1 1 0 
1 0 1 1 
1 1 0 0 
0 1 0 1 
0 0 1 1 
1 0 1 0 
1 0 1 0 
1 1 1 0 
0 1 0 1 
1 0 0 1 
0 1 1 0 
0 0 1 1 
1 0 1 0 
1 1 0 0 
0 0 1 1 
1 0 1 0 
0 1 0 0 
0 1 1 1 
1 0 0 1 
0 1 1 0 
0 0 1 1 
1 0 1 0 
1 0 1 0 
0 1 1 0 
1 1 0 1 
0 0 0 1 
1 0 1 0 
1 0 1 0 
1 1 0 0 
1 1 0 1 
0 1 0 1 
0 0 0 1 
1 0 1 0 
0 1 1 0 
1 0 0 1 
0 1 1 0 
1 0 1 1 
1 1 0 0 
0 0 1 1 
0 1 1 0 
0 1 0 1 
0 0 0 1 
0 1 1 0 
0 1 0 1 
0 1 0 1 
1 0 1 1 
1 0 1 0 
1 1 1 0 
0 0 0 1 
1 1 0 0 
1 0 0 1 
1 0 1 0 
0 1 1 0 
0 0 1 1 
1 0 1 0 
1 0 1 0 
1 0 1 0 
1 1 0 0 
0 0 1 1 
0 1 1 0 
1 0 0 1 
1 0 1 0 
1 0 0 0 
0 1 1 0 
1 0 0 1 
1 0 1 0 
0 1 1 0 
1 0 0 1 
0 1 1 0 
1 0 0 1 
1 1 0 0 
1 1 0 1 
1 0 0 1 
1 0 1 0 
0 1 1 0 
0 1 0 1 
1 0 0 1 
1 0 1 0 
0 1 1 0 
0 0 1 1 
0 1 1 0 
0 1 0 1 
1 0 0 1 
1 0 1 0 
0 1 1 0 
1 0 0 1 
1 0 1 0 
0 1 1 0 
1 0 0 1 
1 0 1 0 
0 1 1 0 
0 1 0 1 
1 0 0 1 
0 1 1 0 
0 0 1 1 
1 0 1 0 
1 0 1 0 
1 1 0 0 
0 0 1 1 
0 1 1 0 
0 1 0 1 
1 0 0 1 
1 0 1 0 
1 0 1 0 
1 0 1 0 
1 0 1 0 
1 1 0 0 
0 0 1 1 
1 0 0 0 
1 1 0 0 
0 0 1 1 
1 1 0 0 
0 0 1 1 
1 1 0 0 
0 1 1 1 
1 1 0 1 
1 0 0 1 
0 1 0 0 
1 1 0 1 
0 0 0 1 
0 1 1 0 
0 0 1 1 
0 1 1 0 
1 1 0 1 
1 0 0 1 
0 1 1 0 
0 0 1 1 
1 1 0 0 
1 0 1 1 
1 0 1 0 
1 0 1 0 
0 1 1 0 
0 1 1 1 
1 0 1 1 
1 0 1 0 
0 0 1 0 
1 0 1 0 
1 0 1 0 
0 0 1 0 
1 1 1 0 
1 0 0 1 
0 0 1 0 
0 1 1 0 
1 0 0 1 
1 1 0 0 
1 0 0 1 
1 1 1 0 
0 1 0 1 
1 0 0 1 
1 1 0 0 
0 1 0 1 
0 1 0 1 
1 0 1 1 
1 0 0 0 
1 0 1 0 
1 1 1 0 
0 0 1 1 
1 1 0 0 
0 1 0 1 
0 1 0 1 
1 0 0 1 
0 0 1 0 
1 1 0 0 
0 0 1 1 
1 0 1 0 
0 1 1 0 
0 1 0 1 
0 1 0 1 
0 1 0 1 
0 1 0 1 
1 0 0 1 
1 0 1 0 
1 0 1 0 
0 1 1 0 
0 1 0 1 
1 0 0 1 
1 1 0 0 
0 0 1 1 
1 0 1 0 
1 0 1 0 
1 0 1 0 
1 0 1 0 
1 0 1 0 
1 0 1 0 
1 0 1 0 
1 1 1 0 
1 0 0 1 
1 0 1 0 
1 1 1 0 
1 0 0 1 
0 1 0 0 
1 0 1 1 
1 1 0 0 
0 0 1 1 
0 1 1 0 
0 1 0 1 
1 0 0 1 
0 1 1 0 
0 1 0 1 
0 1 0 1 
0 1 0 1 
0 0 1 1 
1 0 1 0 
0 1 1 0 
1 0 0 1 
1 0 1 0 
1 1 0 0 
0 1 0 1 
0 1 1 1 
0 1 0 1 
0 1 0 1 
1 0 1 1 
0 0 1 0 
1 0 1 0 
1 0 0 0 
1 0 1 0 
0 1 1 0 
0 0 1 1 
0 1 1 0 
0 1 0 1 
0 1 0 1 
1 0 0 1 
1 0 0 0 
1 0 1 0 
0 1 1 0 
0 0 1 1 
0 1 1 0 
1 0 0 1 
1 0 1 0 
1 1 0 0 
1 0 0 1 
1 0 0 0 
1 0 1 0 
1 0 0 0 
1 0 1 0 
1 0 1 0 
0 0 1 0 
1 0 1 0 
1 1 0 0 
0 1 0 1 
0 1 0 1 
1 0 0 1 
0 1 1 0 
1 0 0 1 
1 1 0 0 
0 0 0 1 
0 1 1 0 
1 0 0 1 
0 0 1 0 
0 1 1 0 
0 1 0 1 
1 0 0 1 
1 0 1 0 
1 0 1 0 
0 1 0 0 
1 1 0 1 
0 1 0 1 
0 0 0 1 
1 0 1 0 
0 0 1 0 
0 1 1 0 
1 0 0 1 
1 0 1 0 
1 1 0 0 
0 0 1 1 
1 1 1 0 
1 0 0 1 
1 0 1 0 
1 1 0 0 
0 0 1 1 
0 1 0 0 
0 1 1 1 
0 0 1 1 
1 0 1 0 
1 0 0 0 
1 1 0 0 
1 1 0 1 
0 0 1 1 
1 1 0 0 
0 1 0 1 
0 1 0 1 
0 1 0 1 
1 0 0 1 
0 1 1 0 
1 0 0 1 
1 0 1 0 
1 0 1 0 
1 0 1 0 
0 1 1 0 
0 1 0 1 
0 1 0 1 
0 0 1 1 
1 1 1 0 
0 0 1 1 
0 1 1 0 
0 1 0 1 
1 0 0 1 
0 1 0 0 
1 0 1 1 
1 1 0 0 
0 0 1 1 
0 1 1 0 
1 0 0 1 
1 1 0 0 
0 0 1 1 
0 1 1 0 
0 1 0 1 
0 0 1 1 
1 0 1 0 
1 0 1 0 
1 1 0 0 
0 1 0 1 
1 0 1 1 
0 0 1 0 
1 0 1 0 
1 0 1 0 
0 1 1 0 
1 0 0 1 
0 0 1 0 
1 1 0 0 
0 1 0 1 
1 0 0 1 
1 0 1 0 
1 1 1 0 
0 1 0 1 
0 1 0 1 
0 0 1 1 
1 1 0 0 
0 1 0 1 
0 0 1 1 
0 1 1 0 
0 1 0 1 
0 1 0 1 
1 0 0 1 
0 1 1 0 
1 0 0 1 
1 0 1 0 
1 1 0 0 
1 0 0 1 
0 1 1 0 
0 1 0 1 
1 0 0 1 
1 0 0 0 
1 1 1 0 
1 0 0 1 
0 1 0 0 
0 1 1 1 
0 1 0 1 
1 1 0 1 
0 0 1 1 
1 1 0 0 
1 0 0 1 
0 1 1 0 
0 0 1 1 
1 1 0 0 
1 0 0 1 
0 1 1 0 
1 0 0 1 
1 0 1 0 
1 0 1 0 
0 1 1 0 
0 0 1 1 
1 1 0 0 
1 0 1 1 
1 0 1 0 
1 0 0 0 
1 1 0 0 
0 0 1 1 
1 0 1 0 
0 1 1 0 
0 1 0 1 
0 1 0 1 
1 0 0 1 
1 0 0 0 
0 1 1 0 
0 1 0 1 
1 0 0 1 
0 1 1 0 
0 0 0 1 
1 0 1 0 
1 1 0 0 
0 1 1 1 
0 0 1 1 
0 0 1 0 
1 0 1 0 
0 1 0 0 
1 0 1 1 
0 1 1 0 
0 0 1 1 
1 0 1 0 
0 1 1 0 
0 1 0 1 
0 0 1 1 
1 1 0 0 
0 1 0 1 
0 0 1 1 
1 1 0 0 
0 1 0 1 
0 0 1 1 
1 1 0 0 
0 1 0 1 
0 1 0 1 
1 0 0 1 
1 1 0 0 
0 0 1 1 
0 1 1 0 
1 0 0 1 
0 1 1 0 
1 0 1 1 
1 1 0 0 
1 0 1 1 
1 1 1 0 
0 0 0 1 
1 0 1 0 
1 1 0 0 
0 1 0 1 
0 0 1 1 
1 0 1 0 
1 0 1 0 
1 1 0 0 
0 0 1 1 
0 1 1 0 
0 0 1 1 
0 1 1 0 
1 0 0 1 
0 0 1 0 
0 1 1 0 
1 1 0 1 
0 0 1 1 
1 1 0 0 
0 0 1 1 
1 0 0 0 
1 0 1 0 
1 0 1 0 
1 1 0 0 
0 0 1 1 
1 0 1 0 
1 0 1 0 
1 0 1 0 
1 0 1 0 
1 1 0 0 
0 0 1 1 
1 0 1 0 
0 1 1 0 
0 1 0 1 
1 1 0 1 
0 1 0 1 
0 1 0 1 
1 0 1 1 
0 1 0 0 
0 1 0 1 
0 1 0 1 
0 1 0 1 
0 1 0 1 
1 0 0 1 
1 0 1 0 
0 1 0 0 
1 0 0 1 
1 1 0 0 
0 0 1 1 
1 0 1 0 
1 1 0 0 
0 1 0 1 
1 0 1 1 
0 0 1 0 
0 1 1 0 
1 0 0 1 
1 0 1 0 
1 1 0 0 
0 0 1 1 
1 1 0 0 
1 0 0 1 
1 1 0 0 
1 0 0 1 
0 1 1 0 
1 0 1 1 
1 0 1 0 
0 0 1 0 
1 1 1 0 
0 0 0 1 
1 1 0 0 
0 0 1 1 
1 0 1 0 
1 1 1 0 
0 0 1 1 
1 1 0 0 
1 0 1 1 
1 0 1 0 
1 0 1 0 
1 1 0 0 
0 0 1 1 
1 0 1 0 
1 0 1 0 
1 0 0 0 
0 1 1 0 
0 0 1 1 
0 1 1 0 
0 0 1 1 
1 0 0 0 
0 1 1 0 
0 0 1 1 
0 1 1 0 
0 1 0 1 
0 1 0 1 
0 1 0 1 
1 0 0 1 
0 1 1 0 
0 1 0 1 
0 0 1 1 
1 0 1 0 
1 0 1 0 
0 1 1 0 
0 0 1 1 
1 1 0 0 
1 0 1 1 
1 0 1 0 
0 1 1 0 
1 1 0 1 
0 0 1 1 
1 1 1 0 
0 1 0 1 
0 1 1 1 
0 1 0 1 
0 0 0 1 
1 0 1 0 
1 1 0 0 
1 0 0 1 
1 0 1 0 
1 1 0 0 
0 0 1 1 
0 1 1 0 
1 0 0 1 
1 0 1 0 
1 0 1 0 
1 1 0 0 
0 0 1 1 
1 0 1 0 
1 0 1 0 
1 1 0 0 
0 0 0 1 
1 1 0 0 
1 0 0 1 
1 1 0 0 
0 1 0 1 
1 0 0 1 
1 1 0 0 
1 0 0 1 
1 0 1 0 
0 1 1 0 
1 0 0 1 
1 0 1 0 
1 0 1 0 
0 1 1 0 
0 0 0 1 
0 1 1 0 
0 1 0 1 
1 0 1 1 
0 0 1 0 
1 1 1 0 
1 0 0 1 
1 0 0 0 
1 0 1 0 
1 0 1 0 
0 1 0 0 
1 0 0 1 
1 0 1 0 
1 1 0 0 
0 0 0 1 
1 0 1 0 
1 1 0 0 
0 0 1 1 
1 1 0 0 
0 1 0 1 
0 0 1 1 
1 1 0 0 
0 0 1 1 
0 1 0 0 
1 1 0 1 
0 0 1 1 
1 0 1 0 
1 1 0 0 
0 1 0 1 
1 0 0 1 
1 0 1 0 
0 1 0 0 
1 0 0 1 
1 0 1 0 
1 0 1 0 
0 1 1 0 
0 1 1 1 
0 1 0 1 
0 0 0 1 
0 1 1 0 
0 1 0 1 
0 1 0 1 
0 0 1 1 
0 1 1 0 
1 0 0 1 
1 0 1 0 
0 0 1 0 
1 0 1 0 
1 0 1 0 
1 0 1 0 
0 1 1 0 
1 0 0 1 
0 0 1 0 
1 0 1 0 
1 1 0 0 
1 0 0 1 
0 1 1 0 
0 1 0 1 
1 0 0 1 
1 1 0 0 
0 1 0 1 
0 0 1 1 
1 0 1 0 
0 1 1 0 
0 0 1 1 
1 1 0 0 
0 0 1 1 
1 1 0 0 
0 0 1 1 
0 0 1 0 
1 1 0 0 
0 0 1 1 
1 1 0 0 
0 0 1 1 
0 1 1 0 
1 0 1 1 
1 1 1 0 
0 1 0 1 
0 1 0 1 
0 1 0 1 
1 0 0 1 
0 1 1 0 
0 0 1 1 
1 0 1 0 
1 1 0 0 
1 0 0 1 
1 1 0 0 
0 1 0 1 
0 1 0 1 
1 1 0 1 
0 1 0 1 
0 0 0 1 
1 1 0 0 
1 1 0 1 
0 1 0 1 
1 0 0 1 
1 1 0 0 
1 1 0 1 
1 0 0 1 
1 1 0 0 
1 1 0 1 
0 1 0 1 
1 0 0 1 
1 1 0 0 
0 1 0 1 
0 1 0 1 
1 1 0 1 
0 1 0 1 
0 1 0 1 
0 1 0 1 
0 0 0 1 
1 1 0 0 
1 1 0 1 
1 0 0 1 
1 1 0 0 
0 1 0 1 
1 0 0 1 
0 1 0 0 
1 1 0 1 
1 1 0 1 
0 0 0 1 
1 1 0 0 
0 1 0 1 
1 1 0 1 
1 0 0 1 
1 0 0 0 
1 1 0 0 
0 1 0 1 
0 1 0 1 
0 1 0 1 
0 1 0 1 
1 0 0 1 
1 1 0 0 
1 0 0 1 
45 28 11
18 34 11
6 12 11
13 49 11
42 0 11
14 28 11
16 25 11
23 29 11
31 8 11
21 26 11
19 6 12
38 7 12
3 38 12
19 42 12
41 42 12
25 35 12
40 14 12
25 19 12
16 7 12
36 5 12
32 1 21
32 33 21
35 31 21
23 6 21
31 19 21
16 19 21
32 41 21
0 2 21
47 34 21
33 15 21
15 2 34
0 31 34
9 24 34
3 41 34
46 30 34
7 16 33 39 19
45 42 33 18 5
48 33 33 15 21
24 12 33 48 29
27 48 33 13 16
16 33 33 47 23
49 34 33 23 9
14 28 33 31 17
24 32 33 38 7
31 33 33 19 16