20
20
0 1 0 0 
0 0 1 1 
0 1 1 0 
0 1 0 1 
0 1 0 1 
0 1 1 1 
0 0 1 1 
0 1 1 0 
0 1 0 1 
0 1 1 1 
0 0 0 1 
0 1 1 0 
0 1 1 1 
0 1 0 1 
0 1 0 1 
0 1 0 1 
0 0 1 1 
0 1 0 0 
0 1 0 1 
0 0 1 1 
0 1 1 0 
1 0 0 1 
1 1 0 0 
0 0 0 1 
0 1 1 0 
1 0 0 1 
1 0 1 0 
1 1 0 0 
0 0 0 1 
1 1 0 0 
0 1 0 1 
1 0 0 1 
1 1 0 0 
0 1 1 1 
0 1 0 1 
0 0 1 1 
1 1 0 0 
0 1 0 1 
0 1 0 1 
1 0 1 1 
1 0 1 0 
0 1 1 0 
0 1 0 1 
0 1 0 1 
1 0 0 1 
0 1 1 0 
1 0 0 1 
0 1 1 0 
0 1 0 1 
0 1 0 1 
0 1 0 1 
0 1 0 1 
0 0 1 1 
1 1 0 0 
0 0 1 1 
1 1 0 0 
0 0 1 1 
0 1 1 0 
0 0 1 1 
1 0 1 0 
1 1 0 0 
1 0 0 1 
0 1 0 0 
0 1 1 1 
0 0 1 1 
1 0 1 0 
0 1 0 0 
1 1 0 1 
0 0 1 1 
0 1 1 0 
0 1 0 1 
0 0 0 1 
1 1 0 0 
0 0 1 1 
1 0 0 0 
0 1 1 0 
1 0 0 1 
1 0 0 0 
1 1 1 0 
1 0 0 1 
0 1 1 0 
0 1 0 1 
0 1 0 1 
1 0 0 1 
1 0 0 0 
1 1 0 0 
0 1 0 1 
0 1 0 1 
1 0 0 1 
1 1 1 0 
0 0 1 1 
0 1 1 0 
0 0 1 1 
1 1 0 0 
0 0 -1 1 
1 0 1 0 
0 1 1 0 
0 0 1 1 
1 1 0 0 
0 0 0 1 
1 1 1 0 
0 1 0 1 
0 1 0 1 
0 1 0 1 
0 1 0 1 
0 1 1 1 
0 0 1 1 
0 1 0 0 
0 1 0 1 
1 0 1 1 
1 1 0 0 
1 0 0 1 
1 1 0 0 
0 0 1 1 
-1 0 1 0 
1 1 1 0 
1 0 0 1 
1 1 0 0 
0 1 0 1 
0 0 1 1 
1 0 1 0 
0 1 0 0 
0 1 1 1 
0 0 1 1 
0 1 1 0 
1 0 0 1 
1 1 0 0 
0 1 0 1 
0 0 1 1 
1 1 0 0 
0 1 0 1 
0 0 1 1 
0 0 1 0 
1 0 1 0 
1 0 1 0 
1 0 0 0 
0 1 1 0 
0 1 0 1 
0 1 0 1 
1 0 1 1 
1 0 1 0 
0 1 1 0 
1 0 0 1 
1 0 1 0 
1 1 0 0 
0 0 1 1 
0 1 1 0 
0 0 1 1 
1 0 1 0 
0 1 1 0 
0 0 1 1 
1 1 0 0 
1 0 0 1 
1 0 1 0 
1 1 0 0 
0 1 0 1 
1 0 0 1 
0 1 1 0 
0 0 0 1 
1 0 1 0 
1 0 1 0 
1 0 1 0 
0 1 0 0 
1 1 0 1 
0 0 0 1 
1 0 1 0 
1 0 0 0 
1 0 1 0 
1 1 0 0 
1 0 0 1 
1 1 0 0 
0 0 1 1 
0 1 1 0 
1 1 0 1 
0 1 0 1 
0 1 0 1 
0 0 0 1 
1 1 1 0 
0 0 1 1 
1 0 1 0 
1 0 1 0 
1 1 0 0 
0 1 0 1 
0 1 0 1 
0 0 1 1 
1 1 0 0 
0 0 1 1 
1 1 1 0 
0 1 0 1 
0 0 1 1 
0 1 1 0 
1 0 0 1 
1 1 0 0 
0 1 0 1 
0 1 0 1 
0 1 0 1 
0 0 1 1 
1 0 1 0 
1 0 1 0 
1 0 1 0 
1 1 0 0 
0 1 0 1 
0 1 0 1 
0 1 0 1 
1 1 0 1 
0 0 1 1 
1 0 1 0 
1 0 0 0 
0 1 1 0 
1 0 0 1 
1 1 0 0 
0 1 0 1 
0 1 0 1 
0 0 1 1 
0 1 1 0 
0 1 0 1 
1 0 1 1 
1 0 1 0 
1 1 0 0 
1 0 0 1 
0 1 0 0 
0 1 0 1 
0 1 0 1 
0 1 1 1 
0 1 0 1 
1 0 0 1 
1 1 0 0 
0 0 1 1 
1 1 1 0 
0 1 1 1 
0 0 0 1 
0 1 1 0 
0 0 1 1 
1 0 1 0 
1 0 1 0 
0 1 0 0 
1 0 0 1 
1 1 0 0 
0 1 0 1 
0 0 1 1 
0 1 1 0 
0 1 0 1 
0 0 1 1 
1 0 0 0 
0 1 1 0 
0 1 0 1 
0 1 0 1 
1 0 0 1 
1 0 0 0 
1 1 1 0 
0 1 0 1 
1 0 0 1 
1 1 0 0 
1 1 0 1 
1 0 0 1 
0 1 1 0 
0 1 0 1 
0 1 1 1 
0 0 0 1 
1 0 1 0 
1 0 1 0 
0 1 0 0 
1 1 0 1 
0 1 0 1 
1 0 0 1 
0 1 1 0 
0 1 0 1 
0 1 0 1 
0 0 1 1 
1 0 1 0 
0 1 1 0 
0 0 1 1 
0 1 1 0 
0 1 0 1 
0 1 0 1 
1 0 0 1 
0 1 1 0 
1 0 0 1 
0 1 1 0 
1 0 0 1 
1 1 0 0 
0 1 0 1 
0 0 1 1 
0 1 1 0 
0 1 0 1 
1 0 0 1 
0 1 1 0 
0 1 0 1 
1 0 0 1 
1 1 0 0 
1 0 1 1 
1 0 0 0 
1 0 1 0 
0 1 0 0 
0 1 1 1 
0 0 0 1 
1 0 1 0 
0 1 1 0 
1 0 0 1 
0 0 1 0 
0 1 1 0 
0 1 0 1 
1 0 1 1 
1 0 1 0 
0 1 1 0 
0 0 1 1 
1 0 1 0 
0 1 1 0 
0 1 0 1 
0 0 1 1 
1 0 1 0 
0 1 1 0 
1 0 0 1 
0 1 1 0 
1 0 0 1 
0 1 1 0 
1 0 0 1 
1 0 1 0 
0 1 1 0 
1 0 0 1 
1 1 1 0 
0 0 1 1 
1 0 0 0 
1 1 0 0 
1 0 0 1 
1 0 1 0 
1 0 1 0 
1 1 0 0 
0 0 1 1 
1 0 1 0 
1 0 0 0 
1 1 0 0 
0 0 1 1 
1 1 1 0 
0 0 1 1 
1 1 0 0 
0 0 1 1 
1 0 1 0 
1 1 0 0 
0 0 1 1 
1 0 1 0 
1 1 0 0 
0 0 1 1 
0 1 1 0 
0 1 0 1 
1 0 0 1 
1 1 0 0 
0 0 1 1 
1 0 1 0 
1 1 0 0 
0 0 1 1 
0 1 1 0 
1 0 0 1 
1 0 1 0 
1 1 1 0 
0 0 1 1 
1 0 1 0 
1 1 0 0 
0 1 0 1 
1 0 1 1 
1 0 1 0 
0 0 1 0 
1 0 1 0 
1 1 0 0 
0 1 0 1 
0 0 1 1 
0 0 1 0 
1 1 0 0 
1 0 0 1 
0 0 1 0 
1 0 1 0 
1 1 0 0 
0 0 1 1 
1 0 0 0 
1 0 1 0 
1 0 1 0 
1 0 1 0 
0 1 1 0 
0 1 0 1 
1 0 0 1 
1 1 0 0 
1 0 0 1 
1 1 0 0 
0 1 0 1 
0 1 0 1 
1 1 0 1 
1 1 0 1 
0 1 0 1 
0 1 0 1 
1 0 0 1 
1 1 0 0 
0 1 0 1 
1 1 0 1 
0 1 0 1 
1 0 0 1 
1 0 0 0 
1 1 0 0 
1 1 0 1 
0 1 0 1 
0 0 0 1 
3 1 1
4 6 11
8 12 11
17 13 11
6 10 11
10 18 11
0 14 11
4 0 11
9 19 11
17 8 11
0 13 11
2 16 11
1 10 11
13 15 11
14 11 11
18 18 11
2 5 11
10 11 11
19 15 11
18 4 11
2 17 11
5 18 12
15 8 12
14 17 12
5 13 12
13 5 12
3 19 12
17 10 12
5 15 12
16 17 12
19 4 12
17 5 12
0 11 12
3 15 12
16 5 12
2 16 12
1 19 12
15 11 12
8 1 12
2 12 12
2 18 12
4 9 21
15 8 21
11 9 21
17 8 21
1 19 21
13 6 21
4 15 21
13 0 21
2 1 21
6 8 21
15 6 21
17 3 21
3 4 21
5 0 21
4 19 21
18 11 21
8 13 21
10 17 21
0 9 21
8 7 21
7 3 34
7 6 34
5 14 34
1 7 34
13 19 34
0 13 34
8 3 34
15 0 34
13 6 34
10 1 34
14 9 34
13 3 34
18 6 34
1 9 34
13 7 34
11 19 34
14 12 34
11 12 34
18 14 34
4 3 34
2 12 33 0 17
6 9 33 18 1
14 7 33 10 6
18 12 33 9 8
17 8 33 6 12
10 0 33 4 19
19 2 33 3 13
17 14 33 0 2
5 14 33 1 8
10 17 33 3 7
16 13 33 3 18
9 15 33 8 8
15 3 33 1 7
4 16 33 13 12
12 14 33 6 10
7 3 33 9 18
16 3 33 0 3
16 8 33 12 9
5 13 33 11 2
0 15 33 9 19